1 : (30.62772616666667, 104.02326166666667, 453.4)
2 : (30.627571, 104.0235815, 453.4)
3 : (30.627408833333334, 104.02387916666666, 453.3)
4 : (30.627254833333335, 104.02420516666666, 453.7)
5 : (30.627156166666666, 104.02451549999999, 453.4)
6 : (30.626994, 104.02477716666667, 453.4)
7 : (30.626824333333335, 104.025119, 453.09999999999997)
8 : (30.626659833333335, 104.0254655, 452.9)
17 : (30.6266685, 104.02571383333333, 453.2)
18 : (30.626978833333332, 104.02591733333334, 453.3)
19 : (30.6273325, 104.02613166666667, 453.4)
20 : (30.62767416666667, 104.0263575, 453.5)
21 : (30.62789666666667, 104.02650133333333, 453.59999999999997)
22 : (30.628207166666666, 104.02670166666667, 453.7)
36 : (30.628505166666667, 104.02681933333334, 453.9)
35 : (30.6285995, 104.026681, 454.0)
34 : (30.628739166666666, 104.02643283333333, 454.0)
33 : (30.628890000000002, 104.026161, 454.2)
32 : (30.629032333333335, 104.0259035, 454.09999999999997)
16 : (30.628973833333333, 104.02561016666667, 454.09999999999997)
15 : (30.628713666666666, 104.02544383333333, 454.09999999999997)
14 : (30.6285085, 104.02531433333333, 453.9)
13 : (30.628295666666666, 104.02517716666667, 453.9)
12 : (30.628019666666667, 104.02499916666666, 453.8)
11 : (30.627795833333334, 104.02485966666667, 453.5)
10 : (30.627563833333333, 104.02471416666667, 453.59999999999997)
9 : (30.627326333333333, 104.02456433333333, 453.5)
31 : (30.629152166666668, 104.02565799999999, 454.09999999999997)
30 : (30.6293335, 104.02539283333333, 454.09999999999997)
29 : (30.629574333333334, 104.02496333333333, 454.3)
28 : (30.6298, 104.02447366666667, 454.2)
27 : (30.629947333333334, 104.02416483333333, 454.3)
26 : (30.6301315, 104.02390133333333, 454.5)
25 : (30.630307333333334, 104.023592, 454.4)
24 : (30.630485166666666, 104.02327933333333, 454.4)
23 : (30.6306595, 104.02294933333333, 454.3)
37 : (30.630916, 104.02288483333334, 454.3)
38 : (30.6307725, 104.023129, 454.4)
39 : (30.630568833333335, 104.02348583333334, 454.4)
40 : (30.6303755, 104.02383233333333, 454.5)
41 : (30.63018316666667, 104.02417683333333, 454.4)
42 : (30.629913666666667, 104.024582, 454.3)
43 : (30.629767, 104.02485716666666, 454.3)
44 : (30.629524, 104.02528983333333, 454.2)
45 : (30.629312333333335, 104.02566683333333, 454.09999999999997)
52 : (30.629519666666667, 104.02591533333333, 454.5)
53 : (30.629748333333335, 104.02606983333334, 454.59999999999997)
54 : (30.629976666666668, 104.02620866666666, 454.8)
55 : (30.630217000000002, 104.02634166666667, 455.0)
56 : (30.630455666666666, 104.0264775, 455.09999999999997)
57 : (30.630696, 104.02661633333334, 456.3)
58 : (30.63093, 104.02674816666666, 455.4)
51 : (30.631632833333335, 104.0255585, 454.8)
50 : (30.6313575, 104.025374, 454.9)
49 : (30.631061, 104.0251805, 454.7)
48 : (30.630783333333333, 104.02499633333333, 454.5)
47 : (30.630450833333335, 104.0247825, 454.5)
46 : (30.630142, 104.024577, 454.3)
59 : (30.6324315, 104.02405433333334, 455.2)
60 : (30.632319333333335, 104.02444, 455.0)
61 : (30.632193166666667, 104.02482116666667, 454.9)
62 : (30.63212, 104.02515233333334, 454.9)
63 : (30.631931, 104.0255535, 454.9)
64 : (30.631734833333333, 104.02586333333333, 455.09999999999997)
65 : (30.631614, 104.02610116666666, 455.3)
66 : (30.631480500000002, 104.02636366666667, 455.59999999999997)
67 : (30.631348833333334, 104.02662883333333, 455.9)
68 : (30.63121616666667, 104.0268845, 455.59999999999997)
69 : (30.631104666666666, 104.027105, 456.0)
70 : (30.631907, 104.02574466666667, 454.9)
71 : (30.6321495, 104.02590166666667, 455.0)
72 : (30.632368333333332, 104.02604666666666, 455.2)
73 : (30.632648666666668, 104.02622533333333, 455.2)
74 : (30.63291716666667, 104.02639366666666, 455.2)
75 : (30.633171, 104.02659716666666, 455.2)
76 : (30.6334265, 104.026888, 455.2)
77 : (30.633595, 104.02715983333333, 455.09999999999997)
91 : (30.636457666666665, 104.02720933333333, 456.4)
92 : (30.636195333333333, 104.02749383333334, 456.2)
93 : (30.635938166666666, 104.0277755, 456.0)
94 : (30.635662166666666, 104.028062, 455.7)
95 : (30.635407666666666, 104.028339, 455.5)
96 : (30.6351475, 104.028622, 455.3)
97 : (30.635019333333332, 104.02887866666667, 455.09999999999997)
98 : (30.634648, 104.02907, 455.09999999999997)
99 : (30.634390166666666, 104.02936883333334, 455.0)
100 : (30.634142999999998, 104.02966833333333, 455.3)
101 : (30.6339205, 104.02993133333334, 456.0)
102 : (30.633633833333334, 104.03025216666667, 455.0)
103 : (30.633399999999998, 104.0305275, 455.5)
104 : (30.633150833333335, 104.0308215, 455.3)
105 : (30.632898166666667, 104.031119, 455.4)
_7 : (30.636100833333334, 104.03077483333334, 455.5)
90 : (30.635952666666665, 104.030544, 455.4)
89 : (30.635755166666666, 104.03027866666666, 455.4)
88 : (30.635563666666666, 104.03000916666666, 455.5)
87 : (30.635379666666665, 104.02973, 455.59999999999997)
86 : (30.6352025, 104.02944416666666, 455.4)
85 : (30.635047666666665, 104.02918916666667, 455.09999999999997)
84 : (30.634915833333334, 104.02899883333333, 455.09999999999997)
83 : (30.634769833333333, 104.0288795, 455.09999999999997)
82 : (30.634657333333333, 104.0286, 455.0)
81 : (30.634417, 104.028284, 455.0)
80 : (30.634218999999998, 104.02801583333333, 455.0)
79 : (30.634017666666665, 104.02774983333333, 455.0)
78 : (30.633809333333332, 104.02749416666667, 455.4)
106 : (30.6333205, 104.02764666666667, 455.9)
107 : (30.633589666666666, 104.027554, 455.9)
108 : (30.63392, 104.02740333333334, 455.3)
109 : (30.6341075, 104.02716533333333, 455.5)
110 : (30.634325333333333, 104.0269305, 455.59999999999997)
111 : (30.634502666666666, 104.02667483333333, 455.8)
112 : (30.634632666666665, 104.02638283333333, 456.0)
113 : (30.634746666666665, 104.02608133333334, 456.4)
114 : (30.634877333333332, 104.02585483333333, 470.7)
115 : (30.63489733333333, 104.02550266666667, 465.8)
116 : (30.634766166666665, 104.02534299999999, 459.5)
117 : (30.634536333333333, 104.02510683333334, 458.7)
118 : (30.634328666666665, 104.02487216666667, 456.0)
119 : (30.634126833333333, 104.02465166666667, 455.9)
